Question,Answer
What is a First Information Report (FIR) and how do I file one in India? (variant 1),An FIR is the first step to reporting a cognizable offense. You file it at the nearest police station by giving a written or verbal complaint.
What are the grounds for divorce under the Hindu Marriage Act? (variant 1),"Grounds include cruelty, adultery, desertion for two years, conversion to another religion, and more as specified in the Act."
How can I register my marriage under the Special Marriage Act? (variant 1),"File a 30-day notice with the Marriage Registrar along with identity documents. If no objections arise, the marriage is registered."
What rights do consumers have under the Consumer Protection Act? (variant 1),"Rights to safety, information, choice, redressal, consumer education, and protection against unfair trade practices."
How can I apply for a copy of my property sale deed? (variant 1),Visit the Sub-Registrar Office where the property is registered and submit an application with necessary details and fees.
What is anticipatory bail and how do I apply for it? (variant 1),Anticipatory bail protects you from arrest for an anticipated offense. Apply in court before arrest.
How do I make a valid will in India? (variant 1),"A will must be in writing, signed by the testator and witnessed by at least two people."
What constitutes a valid contract? (variant 1),"Offer, acceptance, lawful consideration, free consent, capacity, and lawful object."
What legal protections exist against domestic violence? (variant 1),"The Protection of Women from Domestic Violence Act offers protection orders, residence rights, and maintenance."
How do I file a cybercrime complaint? (variant 1),File online at the National Cyber Crime Reporting Portal or at a cybercrime police station.
What is a First Information Report (FIR) and how do I file one in India? (variant 2),An FIR is the first step to reporting a cognizable offense. You file it at the nearest police station by giving a written or verbal complaint.
What are the grounds for divorce under the Hindu Marriage Act? (variant 2),"Grounds include cruelty, adultery, desertion for two years, conversion to another religion, and more as specified in the Act."
How can I register my marriage under the Special Marriage Act? (variant 2),"File a 30-day notice with the Marriage Registrar along with identity documents. If no objections arise, the marriage is registered."
What rights do consumers have under the Consumer Protection Act? (variant 2),"Rights to safety, information, choice, redressal, consumer education, and protection against unfair trade practices."
How can I apply for a copy of my property sale deed? (variant 2),Visit the Sub-Registrar Office where the property is registered and submit an application with necessary details and fees.
What is anticipatory bail and how do I apply for it? (variant 2),Anticipatory bail protects you from arrest for an anticipated offense. Apply in court before arrest.
How do I make a valid will in India? (variant 2),"A will must be in writing, signed by the testator and witnessed by at least two people."
What constitutes a valid contract? (variant 2),"Offer, acceptance, lawful consideration, free consent, capacity, and lawful object."
What legal protections exist against domestic violence? (variant 2),"The Protection of Women from Domestic Violence Act offers protection orders, residence rights, and maintenance."
How do I file a cybercrime complaint? (variant 2),File online at the National Cyber Crime Reporting Portal or at a cybercrime police station.
What is a First Information Report (FIR) and how do I file one in India? (variant 3),An FIR is the first step to reporting a cognizable offense. You file it at the nearest police station by giving a written or verbal complaint.
What are the grounds for divorce under the Hindu Marriage Act? (variant 3),"Grounds include cruelty, adultery, desertion for two years, conversion to another religion, and more as specified in the Act."
How can I register my marriage under the Special Marriage Act? (variant 3),"File a 30-day notice with the Marriage Registrar along with identity documents. If no objections arise, the marriage is registered."
What rights do consumers have under the Consumer Protection Act? (variant 3),"Rights to safety, information, choice, redressal, consumer education, and protection against unfair trade practices."
How can I apply for a copy of my property sale deed? (variant 3),Visit the Sub-Registrar Office where the property is registered and submit an application with necessary details and fees.
What is anticipatory bail and how do I apply for it? (variant 3),Anticipatory bail protects you from arrest for an anticipated offense. Apply in court before arrest.
How do I make a valid will in India? (variant 3),"A will must be in writing, signed by the testator and witnessed by at least two people."
What constitutes a valid contract? (variant 3),"Offer, acceptance, lawful consideration, free consent, capacity, and lawful object."
What legal protections exist against domestic violence? (variant 3),"The Protection of Women from Domestic Violence Act offers protection orders, residence rights, and maintenance."
How do I file a cybercrime complaint? (variant 3),File online at the National Cyber Crime Reporting Portal or at a cybercrime police station.
What is a First Information Report (FIR) and how do I file one in India? (variant 4),An FIR is the first step to reporting a cognizable offense. You file it at the nearest police station by giving a written or verbal complaint.
What are the grounds for divorce under the Hindu Marriage Act? (variant 4),"Grounds include cruelty, adultery, desertion for two years, conversion to another religion, and more as specified in the Act."
How can I register my marriage under the Special Marriage Act? (variant 4),"File a 30-day notice with the Marriage Registrar along with identity documents. If no objections arise, the marriage is registered."
What rights do consumers have under the Consumer Protection Act? (variant 4),"Rights to safety, information, choice, redressal, consumer education, and protection against unfair trade practices."
How can I apply for a copy of my property sale deed? (variant 4),Visit the Sub-Registrar Office where the property is registered and submit an application with necessary details and fees.
What is anticipatory bail and how do I apply for it? (variant 4),Anticipatory bail protects you from arrest for an anticipated offense. Apply in court before arrest.
How do I make a valid will in India? (variant 4),"A will must be in writing, signed by the testator and witnessed by at least two people."
What constitutes a valid contract? (variant 4),"Offer, acceptance, lawful consideration, free consent, capacity, and lawful object."
What legal protections exist against domestic violence? (variant 4),"The Protection of Women from Domestic Violence Act offers protection orders, residence rights, and maintenance."
How do I file a cybercrime complaint? (variant 4),File online at the National Cyber Crime Reporting Portal or at a cybercrime police station.
What is a First Information Report (FIR) and how do I file one in India? (variant 5),An FIR is the first step to reporting a cognizable offense. You file it at the nearest police station by giving a written or verbal complaint.
What are the grounds for divorce under the Hindu Marriage Act? (variant 5),"Grounds include cruelty, adultery, desertion for two years, conversion to another religion, and more as specified in the Act."
How can I register my marriage under the Special Marriage Act? (variant 5),"File a 30-day notice with the Marriage Registrar along with identity documents. If no objections arise, the marriage is registered."
What rights do consumers have under the Consumer Protection Act? (variant 5),"Rights to safety, information, choice, redressal, consumer education, and protection against unfair trade practices."
How can I apply for a copy of my property sale deed? (variant 5),Visit the Sub-Registrar Office where the property is registered and submit an application with necessary details and fees.
What is anticipatory bail and how do I apply for it? (variant 5),Anticipatory bail protects you from arrest for an anticipated offense. Apply in court before arrest.
How do I make a valid will in India? (variant 5),"A will must be in writing, signed by the testator and witnessed by at least two people."
What constitutes a valid contract? (variant 5),"Offer, acceptance, lawful consideration, free consent, capacity, and lawful object."
What legal protections exist against domestic violence? (variant 5),"The Protection of Women from Domestic Violence Act offers protection orders, residence rights, and maintenance."
How do I file a cybercrime complaint? (variant 5),File online at the National Cyber Crime Reporting Portal or at a cybercrime police station.
What is a First Information Report (FIR) and how do I file one in India? (variant 6),An FIR is the first step to reporting a cognizable offense. You file it at the nearest police station by giving a written or verbal complaint.
What are the grounds for divorce under the Hindu Marriage Act? (variant 6),"Grounds include cruelty, adultery, desertion for two years, conversion to another religion, and more as specified in the Act."
How can I register my marriage under the Special Marriage Act? (variant 6),"File a 30-day notice with the Marriage Registrar along with identity documents. If no objections arise, the marriage is registered."
What rights do consumers have under the Consumer Protection Act? (variant 6),"Rights to safety, information, choice, redressal, consumer education, and protection against unfair trade practices."
How can I apply for a copy of my property sale deed? (variant 6),Visit the Sub-Registrar Office where the property is registered and submit an application with necessary details and fees.
What is anticipatory bail and how do I apply for it? (variant 6),Anticipatory bail protects you from arrest for an anticipated offense. Apply in court before arrest.
How do I make a valid will in India? (variant 6),"A will must be in writing, signed by the testator and witnessed by at least two people."
What constitutes a valid contract? (variant 6),"Offer, acceptance, lawful consideration, free consent, capacity, and lawful object."
What legal protections exist against domestic violence? (variant 6),"The Protection of Women from Domestic Violence Act offers protection orders, residence rights, and maintenance."
How do I file a cybercrime complaint? (variant 6),File online at the National Cyber Crime Reporting Portal or at a cybercrime police station.
What is a First Information Report (FIR) and how do I file one in India? (variant 7),An FIR is the first step to reporting a cognizable offense. You file it at the nearest police station by giving a written or verbal complaint.
What are the grounds for divorce under the Hindu Marriage Act? (variant 7),"Grounds include cruelty, adultery, desertion for two years, conversion to another religion, and more as specified in the Act."
How can I register my marriage under the Special Marriage Act? (variant 7),"File a 30-day notice with the Marriage Registrar along with identity documents. If no objections arise, the marriage is registered."
What rights do consumers have under the Consumer Protection Act? (variant 7),"Rights to safety, information, choice, redressal, consumer education, and protection against unfair trade practices."
How can I apply for a copy of my property sale deed? (variant 7),Visit the Sub-Registrar Office where the property is registered and submit an application with necessary details and fees.
What is anticipatory bail and how do I apply for it? (variant 7),Anticipatory bail protects you from arrest for an anticipated offense. Apply in court before arrest.
How do I make a valid will in India? (variant 7),"A will must be in writing, signed by the testator and witnessed by at least two people."
What constitutes a valid contract? (variant 7),"Offer, acceptance, lawful consideration, free consent, capacity, and lawful object."
What legal protections exist against domestic violence? (variant 7),"The Protection of Women from Domestic Violence Act offers protection orders, residence rights, and maintenance."
How do I file a cybercrime complaint? (variant 7),File online at the National Cyber Crime Reporting Portal or at a cybercrime police station.
What is a First Information Report (FIR) and how do I file one in India? (variant 8),An FIR is the first step to reporting a cognizable offense. You file it at the nearest police station by giving a written or verbal complaint.
What are the grounds for divorce under the Hindu Marriage Act? (variant 8),"Grounds include cruelty, adultery, desertion for two years, conversion to another religion, and more as specified in the Act."
How can I register my marriage under the Special Marriage Act? (variant 8),"File a 30-day notice with the Marriage Registrar along with identity documents. If no objections arise, the marriage is registered."
What rights do consumers have under the Consumer Protection Act? (variant 8),"Rights to safety, information, choice, redressal, consumer education, and protection against unfair trade practices."
How can I apply for a copy of my property sale deed? (variant 8),Visit the Sub-Registrar Office where the property is registered and submit an application with necessary details and fees.
What is anticipatory bail and how do I apply for it? (variant 8),Anticipatory bail protects you from arrest for an anticipated offense. Apply in court before arrest.
How do I make a valid will in India? (variant 8),"A will must be in writing, signed by the testator and witnessed by at least two people."
What constitutes a valid contract? (variant 8),"Offer, acceptance, lawful consideration, free consent, capacity, and lawful object."
What legal protections exist against domestic violence? (variant 8),"The Protection of Women from Domestic Violence Act offers protection orders, residence rights, and maintenance."
How do I file a cybercrime complaint? (variant 8),File online at the National Cyber Crime Reporting Portal or at a cybercrime police station.
What is a First Information Report (FIR) and how do I file one in India? (variant 9),An FIR is the first step to reporting a cognizable offense. You file it at the nearest police station by giving a written or verbal complaint.
What are the grounds for divorce under the Hindu Marriage Act? (variant 9),"Grounds include cruelty, adultery, desertion for two years, conversion to another religion, and more as specified in the Act."
How can I register my marriage under the Special Marriage Act? (variant 9),"File a 30-day notice with the Marriage Registrar along with identity documents. If no objections arise, the marriage is registered."
What rights do consumers have under the Consumer Protection Act? (variant 9),"Rights to safety, information, choice, redressal, consumer education, and protection against unfair trade practices."
How can I apply for a copy of my property sale deed? (variant 9),Visit the Sub-Registrar Office where the property is registered and submit an application with necessary details and fees.
What is anticipatory bail and how do I apply for it? (variant 9),Anticipatory bail protects you from arrest for an anticipated offense. Apply in court before arrest.
How do I make a valid will in India? (variant 9),"A will must be in writing, signed by the testator and witnessed by at least two people."
What constitutes a valid contract? (variant 9),"Offer, acceptance, lawful consideration, free consent, capacity, and lawful object."
What legal protections exist against domestic violence? (variant 9),"The Protection of Women from Domestic Violence Act offers protection orders, residence rights, and maintenance."
How do I file a cybercrime complaint? (variant 9),File online at the National Cyber Crime Reporting Portal or at a cybercrime police station.
What is a First Information Report (FIR) and how do I file one in India? (variant 10),An FIR is the first step to reporting a cognizable offense. You file it at the nearest police station by giving a written or verbal complaint.
What are the grounds for divorce under the Hindu Marriage Act? (variant 10),"Grounds include cruelty, adultery, desertion for two years, conversion to another religion, and more as specified in the Act."
How can I register my marriage under the Special Marriage Act? (variant 10),"File a 30-day notice with the Marriage Registrar along with identity documents. If no objections arise, the marriage is registered."
What rights do consumers have under the Consumer Protection Act? (variant 10),"Rights to safety, information, choice, redressal, consumer education, and protection against unfair trade practices."
How can I apply for a copy of my property sale deed? (variant 10),Visit the Sub-Registrar Office where the property is registered and submit an application with necessary details and fees.
What is anticipatory bail and how do I apply for it? (variant 10),Anticipatory bail protects you from arrest for an anticipated offense. Apply in court before arrest.
How do I make a valid will in India? (variant 10),"A will must be in writing, signed by the testator and witnessed by at least two people."
What constitutes a valid contract? (variant 10),"Offer, acceptance, lawful consideration, free consent, capacity, and lawful object."
What legal protections exist against domestic violence? (variant 10),"The Protection of Women from Domestic Violence Act offers protection orders, residence rights, and maintenance."
How do I file a cybercrime complaint? (variant 10),File online at the National Cyber Crime Reporting Portal or at a cybercrime police station.
What is a First Information Report (FIR) and how do I file one in India? (variant 11),An FIR is the first step to reporting a cognizable offense. You file it at the nearest police station by giving a written or verbal complaint.
What are the grounds for divorce under the Hindu Marriage Act? (variant 11),"Grounds include cruelty, adultery, desertion for two years, conversion to another religion, and more as specified in the Act."
How can I register my marriage under the Special Marriage Act? (variant 11),"File a 30-day notice with the Marriage Registrar along with identity documents. If no objections arise, the marriage is registered."
What rights do consumers have under the Consumer Protection Act? (variant 11),"Rights to safety, information, choice, redressal, consumer education, and protection against unfair trade practices."
How can I apply for a copy of my property sale deed? (variant 11),Visit the Sub-Registrar Office where the property is registered and submit an application with necessary details and fees.
What is anticipatory bail and how do I apply for it? (variant 11),Anticipatory bail protects you from arrest for an anticipated offense. Apply in court before arrest.
How do I make a valid will in India? (variant 11),"A will must be in writing, signed by the testator and witnessed by at least two people."
What constitutes a valid contract? (variant 11),"Offer, acceptance, lawful consideration, free consent, capacity, and lawful object."
What legal protections exist against domestic violence? (variant 11),"The Protection of Women from Domestic Violence Act offers protection orders, residence rights, and maintenance."
How do I file a cybercrime complaint? (variant 11),File online at the National Cyber Crime Reporting Portal or at a cybercrime police station.
What is a First Information Report (FIR) and how do I file one in India? (variant 12),An FIR is the first step to reporting a cognizable offense. You file it at the nearest police station by giving a written or verbal complaint.
What are the grounds for divorce under the Hindu Marriage Act? (variant 12),"Grounds include cruelty, adultery, desertion for two years, conversion to another religion, and more as specified in the Act."
How can I register my marriage under the Special Marriage Act? (variant 12),"File a 30-day notice with the Marriage Registrar along with identity documents. If no objections arise, the marriage is registered."
What rights do consumers have under the Consumer Protection Act? (variant 12),"Rights to safety, information, choice, redressal, consumer education, and protection against unfair trade practices."
How can I apply for a copy of my property sale deed? (variant 12),Visit the Sub-Registrar Office where the property is registered and submit an application with necessary details and fees.
What is anticipatory bail and how do I apply for it? (variant 12),Anticipatory bail protects you from arrest for an anticipated offense. Apply in court before arrest.
How do I make a valid will in India? (variant 12),"A will must be in writing, signed by the testator and witnessed by at least two people."
What constitutes a valid contract? (variant 12),"Offer, acceptance, lawful consideration, free consent, capacity, and lawful object."
What legal protections exist against domestic violence? (variant 12),"The Protection of Women from Domestic Violence Act offers protection orders, residence rights, and maintenance."
How do I file a cybercrime complaint? (variant 12),File online at the National Cyber Crime Reporting Portal or at a cybercrime police station.
What is a First Information Report (FIR) and how do I file one in India? (variant 13),An FIR is the first step to reporting a cognizable offense. You file it at the nearest police station by giving a written or verbal complaint.
What are the grounds for divorce under the Hindu Marriage Act? (variant 13),"Grounds include cruelty, adultery, desertion for two years, conversion to another religion, and more as specified in the Act."
How can I register my marriage under the Special Marriage Act? (variant 13),"File a 30-day notice with the Marriage Registrar along with identity documents. If no objections arise, the marriage is registered."
What rights do consumers have under the Consumer Protection Act? (variant 13),"Rights to safety, information, choice, redressal, consumer education, and protection against unfair trade practices."
How can I apply for a copy of my property sale deed? (variant 13),Visit the Sub-Registrar Office where the property is registered and submit an application with necessary details and fees.
What is anticipatory bail and how do I apply for it? (variant 13),Anticipatory bail protects you from arrest for an anticipated offense. Apply in court before arrest.
How do I make a valid will in India? (variant 13),"A will must be in writing, signed by the testator and witnessed by at least two people."
What constitutes a valid contract? (variant 13),"Offer, acceptance, lawful consideration, free consent, capacity, and lawful object."
What legal protections exist against domestic violence? (variant 13),"The Protection of Women from Domestic Violence Act offers protection orders, residence rights, and maintenance."
How do I file a cybercrime complaint? (variant 13),File online at the National Cyber Crime Reporting Portal or at a cybercrime police station.
What is a First Information Report (FIR) and how do I file one in India? (variant 14),An FIR is the first step to reporting a cognizable offense. You file it at the nearest police station by giving a written or verbal complaint.
What are the grounds for divorce under the Hindu Marriage Act? (variant 14),"Grounds include cruelty, adultery, desertion for two years, conversion to another religion, and more as specified in the Act."
How can I register my marriage under the Special Marriage Act? (variant 14),"File a 30-day notice with the Marriage Registrar along with identity documents. If no objections arise, the marriage is registered."
What rights do consumers have under the Consumer Protection Act? (variant 14),"Rights to safety, information, choice, redressal, consumer education, and protection against unfair trade practices."
How can I apply for a copy of my property sale deed? (variant 14),Visit the Sub-Registrar Office where the property is registered and submit an application with necessary details and fees.
What is anticipatory bail and how do I apply for it? (variant 14),Anticipatory bail protects you from arrest for an anticipated offense. Apply in court before arrest.
How do I make a valid will in India? (variant 14),"A will must be in writing, signed by the testator and witnessed by at least two people."
What constitutes a valid contract? (variant 14),"Offer, acceptance, lawful consideration, free consent, capacity, and lawful object."
What legal protections exist against domestic violence? (variant 14),"The Protection of Women from Domestic Violence Act offers protection orders, residence rights, and maintenance."
How do I file a cybercrime complaint? (variant 14),File online at the National Cyber Crime Reporting Portal or at a cybercrime police station.
What is a First Information Report (FIR) and how do I file one in India? (variant 15),An FIR is the first step to reporting a cognizable offense. You file it at the nearest police station by giving a written or verbal complaint.
What are the grounds for divorce under the Hindu Marriage Act? (variant 15),"Grounds include cruelty, adultery, desertion for two years, conversion to another religion, and more as specified in the Act."
How can I register my marriage under the Special Marriage Act? (variant 15),"File a 30-day notice with the Marriage Registrar along with identity documents. If no objections arise, the marriage is registered."
What rights do consumers have under the Consumer Protection Act? (variant 15),"Rights to safety, information, choice, redressal, consumer education, and protection against unfair trade practices."
How can I apply for a copy of my property sale deed? (variant 15),Visit the Sub-Registrar Office where the property is registered and submit an application with necessary details and fees.
What is anticipatory bail and how do I apply for it? (variant 15),Anticipatory bail protects you from arrest for an anticipated offense. Apply in court before arrest.
How do I make a valid will in India? (variant 15),"A will must be in writing, signed by the testator and witnessed by at least two people."
What constitutes a valid contract? (variant 15),"Offer, acceptance, lawful consideration, free consent, capacity, and lawful object."
What legal protections exist against domestic violence? (variant 15),"The Protection of Women from Domestic Violence Act offers protection orders, residence rights, and maintenance."
How do I file a cybercrime complaint? (variant 15),File online at the National Cyber Crime Reporting Portal or at a cybercrime police station.
What is a First Information Report (FIR) and how do I file one in India? (variant 16),An FIR is the first step to reporting a cognizable offense. You file it at the nearest police station by giving a written or verbal complaint.
What are the grounds for divorce under the Hindu Marriage Act? (variant 16),"Grounds include cruelty, adultery, desertion for two years, conversion to another religion, and more as specified in the Act."
How can I register my marriage under the Special Marriage Act? (variant 16),"File a 30-day notice with the Marriage Registrar along with identity documents. If no objections arise, the marriage is registered."
What rights do consumers have under the Consumer Protection Act? (variant 16),"Rights to safety, information, choice, redressal, consumer education, and protection against unfair trade practices."
How can I apply for a copy of my property sale deed? (variant 16),Visit the Sub-Registrar Office where the property is registered and submit an application with necessary details and fees.
What is anticipatory bail and how do I apply for it? (variant 16),Anticipatory bail protects you from arrest for an anticipated offense. Apply in court before arrest.
How do I make a valid will in India? (variant 16),"A will must be in writing, signed by the testator and witnessed by at least two people."
What constitutes a valid contract? (variant 16),"Offer, acceptance, lawful consideration, free consent, capacity, and lawful object."
What legal protections exist against domestic violence? (variant 16),"The Protection of Women from Domestic Violence Act offers protection orders, residence rights, and maintenance."
How do I file a cybercrime complaint? (variant 16),File online at the National Cyber Crime Reporting Portal or at a cybercrime police station.
What is a First Information Report (FIR) and how do I file one in India? (variant 17),An FIR is the first step to reporting a cognizable offense. You file it at the nearest police station by giving a written or verbal complaint.
What are the grounds for divorce under the Hindu Marriage Act? (variant 17),"Grounds include cruelty, adultery, desertion for two years, conversion to another religion, and more as specified in the Act."
How can I register my marriage under the Special Marriage Act? (variant 17),"File a 30-day notice with the Marriage Registrar along with identity documents. If no objections arise, the marriage is registered."
What rights do consumers have under the Consumer Protection Act? (variant 17),"Rights to safety, information, choice, redressal, consumer education, and protection against unfair trade practices."
How can I apply for a copy of my property sale deed? (variant 17),Visit the Sub-Registrar Office where the property is registered and submit an application with necessary details and fees.
What is anticipatory bail and how do I apply for it? (variant 17),Anticipatory bail protects you from arrest for an anticipated offense. Apply in court before arrest.
How do I make a valid will in India? (variant 17),"A will must be in writing, signed by the testator and witnessed by at least two people."
What constitutes a valid contract? (variant 17),"Offer, acceptance, lawful consideration, free consent, capacity, and lawful object."
What legal protections exist against domestic violence? (variant 17),"The Protection of Women from Domestic Violence Act offers protection orders, residence rights, and maintenance."
How do I file a cybercrime complaint? (variant 17),File online at the National Cyber Crime Reporting Portal or at a cybercrime police station.
What is a First Information Report (FIR) and how do I file one in India? (variant 18),An FIR is the first step to reporting a cognizable offense. You file it at the nearest police station by giving a written or verbal complaint.
What are the grounds for divorce under the Hindu Marriage Act? (variant 18),"Grounds include cruelty, adultery, desertion for two years, conversion to another religion, and more as specified in the Act."
How can I register my marriage under the Special Marriage Act? (variant 18),"File a 30-day notice with the Marriage Registrar along with identity documents. If no objections arise, the marriage is registered."
What rights do consumers have under the Consumer Protection Act? (variant 18),"Rights to safety, information, choice, redressal, consumer education, and protection against unfair trade practices."
How can I apply for a copy of my property sale deed? (variant 18),Visit the Sub-Registrar Office where the property is registered and submit an application with necessary details and fees.
What is anticipatory bail and how do I apply for it? (variant 18),Anticipatory bail protects you from arrest for an anticipated offense. Apply in court before arrest.
How do I make a valid will in India? (variant 18),"A will must be in writing, signed by the testator and witnessed by at least two people."
What constitutes a valid contract? (variant 18),"Offer, acceptance, lawful consideration, free consent, capacity, and lawful object."
What legal protections exist against domestic violence? (variant 18),"The Protection of Women from Domestic Violence Act offers protection orders, residence rights, and maintenance."
How do I file a cybercrime complaint? (variant 18),File online at the National Cyber Crime Reporting Portal or at a cybercrime police station.
What is a First Information Report (FIR) and how do I file one in India? (variant 19),An FIR is the first step to reporting a cognizable offense. You file it at the nearest police station by giving a written or verbal complaint.
What are the grounds for divorce under the Hindu Marriage Act? (variant 19),"Grounds include cruelty, adultery, desertion for two years, conversion to another religion, and more as specified in the Act."
How can I register my marriage under the Special Marriage Act? (variant 19),"File a 30-day notice with the Marriage Registrar along with identity documents. If no objections arise, the marriage is registered."
What rights do consumers have under the Consumer Protection Act? (variant 19),"Rights to safety, information, choice, redressal, consumer education, and protection against unfair trade practices."
How can I apply for a copy of my property sale deed? (variant 19),Visit the Sub-Registrar Office where the property is registered and submit an application with necessary details and fees.
What is anticipatory bail and how do I apply for it? (variant 19),Anticipatory bail protects you from arrest for an anticipated offense. Apply in court before arrest.
How do I make a valid will in India? (variant 19),"A will must be in writing, signed by the testator and witnessed by at least two people."
What constitutes a valid contract? (variant 19),"Offer, acceptance, lawful consideration, free consent, capacity, and lawful object."
What legal protections exist against domestic violence? (variant 19),"The Protection of Women from Domestic Violence Act offers protection orders, residence rights, and maintenance."
How do I file a cybercrime complaint? (variant 19),File online at the National Cyber Crime Reporting Portal or at a cybercrime police station.
What is a First Information Report (FIR) and how do I file one in India? (variant 20),An FIR is the first step to reporting a cognizable offense. You file it at the nearest police station by giving a written or verbal complaint.
What are the grounds for divorce under the Hindu Marriage Act? (variant 20),"Grounds include cruelty, adultery, desertion for two years, conversion to another religion, and more as specified in the Act."
How can I register my marriage under the Special Marriage Act? (variant 20),"File a 30-day notice with the Marriage Registrar along with identity documents. If no objections arise, the marriage is registered."
What rights do consumers have under the Consumer Protection Act? (variant 20),"Rights to safety, information, choice, redressal, consumer education, and protection against unfair trade practices."
How can I apply for a copy of my property sale deed? (variant 20),Visit the Sub-Registrar Office where the property is registered and submit an application with necessary details and fees.
What is anticipatory bail and how do I apply for it? (variant 20),Anticipatory bail protects you from arrest for an anticipated offense. Apply in court before arrest.
How do I make a valid will in India? (variant 20),"A will must be in writing, signed by the testator and witnessed by at least two people."
What constitutes a valid contract? (variant 20),"Offer, acceptance, lawful consideration, free consent, capacity, and lawful object."
What legal protections exist against domestic violence? (variant 20),"The Protection of Women from Domestic Violence Act offers protection orders, residence rights, and maintenance."
How do I file a cybercrime complaint? (variant 20),File online at the National Cyber Crime Reporting Portal or at a cybercrime police station.
What is a First Information Report (FIR) and how do I file one in India? (variant 21),An FIR is the first step to reporting a cognizable offense. You file it at the nearest police station by giving a written or verbal complaint.
What are the grounds for divorce under the Hindu Marriage Act? (variant 21),"Grounds include cruelty, adultery, desertion for two years, conversion to another religion, and more as specified in the Act."
How can I register my marriage under the Special Marriage Act? (variant 21),"File a 30-day notice with the Marriage Registrar along with identity documents. If no objections arise, the marriage is registered."
What rights do consumers have under the Consumer Protection Act? (variant 21),"Rights to safety, information, choice, redressal, consumer education, and protection against unfair trade practices."
How can I apply for a copy of my property sale deed? (variant 21),Visit the Sub-Registrar Office where the property is registered and submit an application with necessary details and fees.
What is anticipatory bail and how do I apply for it? (variant 21),Anticipatory bail protects you from arrest for an anticipated offense. Apply in court before arrest.
How do I make a valid will in India? (variant 21),"A will must be in writing, signed by the testator and witnessed by at least two people."
What constitutes a valid contract? (variant 21),"Offer, acceptance, lawful consideration, free consent, capacity, and lawful object."
What legal protections exist against domestic violence? (variant 21),"The Protection of Women from Domestic Violence Act offers protection orders, residence rights, and maintenance."
How do I file a cybercrime complaint? (variant 21),File online at the National Cyber Crime Reporting Portal or at a cybercrime police station.
What is a First Information Report (FIR) and how do I file one in India? (variant 22),An FIR is the first step to reporting a cognizable offense. You file it at the nearest police station by giving a written or verbal complaint.
What are the grounds for divorce under the Hindu Marriage Act? (variant 22),"Grounds include cruelty, adultery, desertion for two years, conversion to another religion, and more as specified in the Act."
How can I register my marriage under the Special Marriage Act? (variant 22),"File a 30-day notice with the Marriage Registrar along with identity documents. If no objections arise, the marriage is registered."
What rights do consumers have under the Consumer Protection Act? (variant 22),"Rights to safety, information, choice, redressal, consumer education, and protection against unfair trade practices."
How can I apply for a copy of my property sale deed? (variant 22),Visit the Sub-Registrar Office where the property is registered and submit an application with necessary details and fees.
What is anticipatory bail and how do I apply for it? (variant 22),Anticipatory bail protects you from arrest for an anticipated offense. Apply in court before arrest.
How do I make a valid will in India? (variant 22),"A will must be in writing, signed by the testator and witnessed by at least two people."
What constitutes a valid contract? (variant 22),"Offer, acceptance, lawful consideration, free consent, capacity, and lawful object."
What legal protections exist against domestic violence? (variant 22),"The Protection of Women from Domestic Violence Act offers protection orders, residence rights, and maintenance."
How do I file a cybercrime complaint? (variant 22),File online at the National Cyber Crime Reporting Portal or at a cybercrime police station.
What is a First Information Report (FIR) and how do I file one in India? (variant 23),An FIR is the first step to reporting a cognizable offense. You file it at the nearest police station by giving a written or verbal complaint.
What are the grounds for divorce under the Hindu Marriage Act? (variant 23),"Grounds include cruelty, adultery, desertion for two years, conversion to another religion, and more as specified in the Act."
How can I register my marriage under the Special Marriage Act? (variant 23),"File a 30-day notice with the Marriage Registrar along with identity documents. If no objections arise, the marriage is registered."
What rights do consumers have under the Consumer Protection Act? (variant 23),"Rights to safety, information, choice, redressal, consumer education, and protection against unfair trade practices."
How can I apply for a copy of my property sale deed? (variant 23),Visit the Sub-Registrar Office where the property is registered and submit an application with necessary details and fees.
What is anticipatory bail and how do I apply for it? (variant 23),Anticipatory bail protects you from arrest for an anticipated offense. Apply in court before arrest.
How do I make a valid will in India? (variant 23),"A will must be in writing, signed by the testator and witnessed by at least two people."
What constitutes a valid contract? (variant 23),"Offer, acceptance, lawful consideration, free consent, capacity, and lawful object."
What legal protections exist against domestic violence? (variant 23),"The Protection of Women from Domestic Violence Act offers protection orders, residence rights, and maintenance."
How do I file a cybercrime complaint? (variant 23),File online at the National Cyber Crime Reporting Portal or at a cybercrime police station.
What is a First Information Report (FIR) and how do I file one in India? (variant 24),An FIR is the first step to reporting a cognizable offense. You file it at the nearest police station by giving a written or verbal complaint.
What are the grounds for divorce under the Hindu Marriage Act? (variant 24),"Grounds include cruelty, adultery, desertion for two years, conversion to another religion, and more as specified in the Act."
How can I register my marriage under the Special Marriage Act? (variant 24),"File a 30-day notice with the Marriage Registrar along with identity documents. If no objections arise, the marriage is registered."
What rights do consumers have under the Consumer Protection Act? (variant 24),"Rights to safety, information, choice, redressal, consumer education, and protection against unfair trade practices."
How can I apply for a copy of my property sale deed? (variant 24),Visit the Sub-Registrar Office where the property is registered and submit an application with necessary details and fees.
What is anticipatory bail and how do I apply for it? (variant 24),Anticipatory bail protects you from arrest for an anticipated offense. Apply in court before arrest.
How do I make a valid will in India? (variant 24),"A will must be in writing, signed by the testator and witnessed by at least two people."
What constitutes a valid contract? (variant 24),"Offer, acceptance, lawful consideration, free consent, capacity, and lawful object."
What legal protections exist against domestic violence? (variant 24),"The Protection of Women from Domestic Violence Act offers protection orders, residence rights, and maintenance."
How do I file a cybercrime complaint? (variant 24),File online at the National Cyber Crime Reporting Portal or at a cybercrime police station.
What is a First Information Report (FIR) and how do I file one in India? (variant 25),An FIR is the first step to reporting a cognizable offense. You file it at the nearest police station by giving a written or verbal complaint.
What are the grounds for divorce under the Hindu Marriage Act? (variant 25),"Grounds include cruelty, adultery, desertion for two years, conversion to another religion, and more as specified in the Act."
How can I register my marriage under the Special Marriage Act? (variant 25),"File a 30-day notice with the Marriage Registrar along with identity documents. If no objections arise, the marriage is registered."
What rights do consumers have under the Consumer Protection Act? (variant 25),"Rights to safety, information, choice, redressal, consumer education, and protection against unfair trade practices."
How can I apply for a copy of my property sale deed? (variant 25),Visit the Sub-Registrar Office where the property is registered and submit an application with necessary details and fees.
What is anticipatory bail and how do I apply for it? (variant 25),Anticipatory bail protects you from arrest for an anticipated offense. Apply in court before arrest.
How do I make a valid will in India? (variant 25),"A will must be in writing, signed by the testator and witnessed by at least two people."
What constitutes a valid contract? (variant 25),"Offer, acceptance, lawful consideration, free consent, capacity, and lawful object."
What legal protections exist against domestic violence? (variant 25),"The Protection of Women from Domestic Violence Act offers protection orders, residence rights, and maintenance."
How do I file a cybercrime complaint? (variant 25),File online at the National Cyber Crime Reporting Portal or at a cybercrime police station.
What is a First Information Report (FIR) and how do I file one in India? (variant 26),An FIR is the first step to reporting a cognizable offense. You file it at the nearest police station by giving a written or verbal complaint.
What are the grounds for divorce under the Hindu Marriage Act? (variant 26),"Grounds include cruelty, adultery, desertion for two years, conversion to another religion, and more as specified in the Act."
How can I register my marriage under the Special Marriage Act? (variant 26),"File a 30-day notice with the Marriage Registrar along with identity documents. If no objections arise, the marriage is registered."
What rights do consumers have under the Consumer Protection Act? (variant 26),"Rights to safety, information, choice, redressal, consumer education, and protection against unfair trade practices."
How can I apply for a copy of my property sale deed? (variant 26),Visit the Sub-Registrar Office where the property is registered and submit an application with necessary details and fees.
What is anticipatory bail and how do I apply for it? (variant 26),Anticipatory bail protects you from arrest for an anticipated offense. Apply in court before arrest.
How do I make a valid will in India? (variant 26),"A will must be in writing, signed by the testator and witnessed by at least two people."
What constitutes a valid contract? (variant 26),"Offer, acceptance, lawful consideration, free consent, capacity, and lawful object."
What legal protections exist against domestic violence? (variant 26),"The Protection of Women from Domestic Violence Act offers protection orders, residence rights, and maintenance."
How do I file a cybercrime complaint? (variant 26),File online at the National Cyber Crime Reporting Portal or at a cybercrime police station.
What is a First Information Report (FIR) and how do I file one in India? (variant 27),An FIR is the first step to reporting a cognizable offense. You file it at the nearest police station by giving a written or verbal complaint.
What are the grounds for divorce under the Hindu Marriage Act? (variant 27),"Grounds include cruelty, adultery, desertion for two years, conversion to another religion, and more as specified in the Act."
How can I register my marriage under the Special Marriage Act? (variant 27),"File a 30-day notice with the Marriage Registrar along with identity documents. If no objections arise, the marriage is registered."
What rights do consumers have under the Consumer Protection Act? (variant 27),"Rights to safety, information, choice, redressal, consumer education, and protection against unfair trade practices."
How can I apply for a copy of my property sale deed? (variant 27),Visit the Sub-Registrar Office where the property is registered and submit an application with necessary details and fees.
What is anticipatory bail and how do I apply for it? (variant 27),Anticipatory bail protects you from arrest for an anticipated offense. Apply in court before arrest.
How do I make a valid will in India? (variant 27),"A will must be in writing, signed by the testator and witnessed by at least two people."
What constitutes a valid contract? (variant 27),"Offer, acceptance, lawful consideration, free consent, capacity, and lawful object."
What legal protections exist against domestic violence? (variant 27),"The Protection of Women from Domestic Violence Act offers protection orders, residence rights, and maintenance."
How do I file a cybercrime complaint? (variant 27),File online at the National Cyber Crime Reporting Portal or at a cybercrime police station.
What is a First Information Report (FIR) and how do I file one in India? (variant 28),An FIR is the first step to reporting a cognizable offense. You file it at the nearest police station by giving a written or verbal complaint.
What are the grounds for divorce under the Hindu Marriage Act? (variant 28),"Grounds include cruelty, adultery, desertion for two years, conversion to another religion, and more as specified in the Act."
How can I register my marriage under the Special Marriage Act? (variant 28),"File a 30-day notice with the Marriage Registrar along with identity documents. If no objections arise, the marriage is registered."
What rights do consumers have under the Consumer Protection Act? (variant 28),"Rights to safety, information, choice, redressal, consumer education, and protection against unfair trade practices."
How can I apply for a copy of my property sale deed? (variant 28),Visit the Sub-Registrar Office where the property is registered and submit an application with necessary details and fees.
What is anticipatory bail and how do I apply for it? (variant 28),Anticipatory bail protects you from arrest for an anticipated offense. Apply in court before arrest.
How do I make a valid will in India? (variant 28),"A will must be in writing, signed by the testator and witnessed by at least two people."
What constitutes a valid contract? (variant 28),"Offer, acceptance, lawful consideration, free consent, capacity, and lawful object."
What legal protections exist against domestic violence? (variant 28),"The Protection of Women from Domestic Violence Act offers protection orders, residence rights, and maintenance."
How do I file a cybercrime complaint? (variant 28),File online at the National Cyber Crime Reporting Portal or at a cybercrime police station.
What is a First Information Report (FIR) and how do I file one in India? (variant 29),An FIR is the first step to reporting a cognizable offense. You file it at the nearest police station by giving a written or verbal complaint.
What are the grounds for divorce under the Hindu Marriage Act? (variant 29),"Grounds include cruelty, adultery, desertion for two years, conversion to another religion, and more as specified in the Act."
How can I register my marriage under the Special Marriage Act? (variant 29),"File a 30-day notice with the Marriage Registrar along with identity documents. If no objections arise, the marriage is registered."
What rights do consumers have under the Consumer Protection Act? (variant 29),"Rights to safety, information, choice, redressal, consumer education, and protection against unfair trade practices."
How can I apply for a copy of my property sale deed? (variant 29),Visit the Sub-Registrar Office where the property is registered and submit an application with necessary details and fees.
What is anticipatory bail and how do I apply for it? (variant 29),Anticipatory bail protects you from arrest for an anticipated offense. Apply in court before arrest.
How do I make a valid will in India? (variant 29),"A will must be in writing, signed by the testator and witnessed by at least two people."
What constitutes a valid contract? (variant 29),"Offer, acceptance, lawful consideration, free consent, capacity, and lawful object."
What legal protections exist against domestic violence? (variant 29),"The Protection of Women from Domestic Violence Act offers protection orders, residence rights, and maintenance."
How do I file a cybercrime complaint? (variant 29),File online at the National Cyber Crime Reporting Portal or at a cybercrime police station.
What is a First Information Report (FIR) and how do I file one in India? (variant 30),An FIR is the first step to reporting a cognizable offense. You file it at the nearest police station by giving a written or verbal complaint.
What are the grounds for divorce under the Hindu Marriage Act? (variant 30),"Grounds include cruelty, adultery, desertion for two years, conversion to another religion, and more as specified in the Act."
How can I register my marriage under the Special Marriage Act? (variant 30),"File a 30-day notice with the Marriage Registrar along with identity documents. If no objections arise, the marriage is registered."
What rights do consumers have under the Consumer Protection Act? (variant 30),"Rights to safety, information, choice, redressal, consumer education, and protection against unfair trade practices."
How can I apply for a copy of my property sale deed? (variant 30),Visit the Sub-Registrar Office where the property is registered and submit an application with necessary details and fees.
What is anticipatory bail and how do I apply for it? (variant 30),Anticipatory bail protects you from arrest for an anticipated offense. Apply in court before arrest.
How do I make a valid will in India? (variant 30),"A will must be in writing, signed by the testator and witnessed by at least two people."
What constitutes a valid contract? (variant 30),"Offer, acceptance, lawful consideration, free consent, capacity, and lawful object."
What legal protections exist against domestic violence? (variant 30),"The Protection of Women from Domestic Violence Act offers protection orders, residence rights, and maintenance."
How do I file a cybercrime complaint? (variant 30),File online at the National Cyber Crime Reporting Portal or at a cybercrime police station.
What is a First Information Report (FIR) and how do I file one in India? (variant 31),An FIR is the first step to reporting a cognizable offense. You file it at the nearest police station by giving a written or verbal complaint.
What are the grounds for divorce under the Hindu Marriage Act? (variant 31),"Grounds include cruelty, adultery, desertion for two years, conversion to another religion, and more as specified in the Act."
How can I register my marriage under the Special Marriage Act? (variant 31),"File a 30-day notice with the Marriage Registrar along with identity documents. If no objections arise, the marriage is registered."
What rights do consumers have under the Consumer Protection Act? (variant 31),"Rights to safety, information, choice, redressal, consumer education, and protection against unfair trade practices."
How can I apply for a copy of my property sale deed? (variant 31),Visit the Sub-Registrar Office where the property is registered and submit an application with necessary details and fees.
What is anticipatory bail and how do I apply for it? (variant 31),Anticipatory bail protects you from arrest for an anticipated offense. Apply in court before arrest.
How do I make a valid will in India? (variant 31),"A will must be in writing, signed by the testator and witnessed by at least two people."
What constitutes a valid contract? (variant 31),"Offer, acceptance, lawful consideration, free consent, capacity, and lawful object."
What legal protections exist against domestic violence? (variant 31),"The Protection of Women from Domestic Violence Act offers protection orders, residence rights, and maintenance."
How do I file a cybercrime complaint? (variant 31),File online at the National Cyber Crime Reporting Portal or at a cybercrime police station.
What is a First Information Report (FIR) and how do I file one in India? (variant 32),An FIR is the first step to reporting a cognizable offense. You file it at the nearest police station by giving a written or verbal complaint.
What are the grounds for divorce under the Hindu Marriage Act? (variant 32),"Grounds include cruelty, adultery, desertion for two years, conversion to another religion, and more as specified in the Act."
How can I register my marriage under the Special Marriage Act? (variant 32),"File a 30-day notice with the Marriage Registrar along with identity documents. If no objections arise, the marriage is registered."
What rights do consumers have under the Consumer Protection Act? (variant 32),"Rights to safety, information, choice, redressal, consumer education, and protection against unfair trade practices."
How can I apply for a copy of my property sale deed? (variant 32),Visit the Sub-Registrar Office where the property is registered and submit an application with necessary details and fees.
What is anticipatory bail and how do I apply for it? (variant 32),Anticipatory bail protects you from arrest for an anticipated offense. Apply in court before arrest.
How do I make a valid will in India? (variant 32),"A will must be in writing, signed by the testator and witnessed by at least two people."
What constitutes a valid contract? (variant 32),"Offer, acceptance, lawful consideration, free consent, capacity, and lawful object."
What legal protections exist against domestic violence? (variant 32),"The Protection of Women from Domestic Violence Act offers protection orders, residence rights, and maintenance."
How do I file a cybercrime complaint? (variant 32),File online at the National Cyber Crime Reporting Portal or at a cybercrime police station.
What is a First Information Report (FIR) and how do I file one in India? (variant 33),An FIR is the first step to reporting a cognizable offense. You file it at the nearest police station by giving a written or verbal complaint.
What are the grounds for divorce under the Hindu Marriage Act? (variant 33),"Grounds include cruelty, adultery, desertion for two years, conversion to another religion, and more as specified in the Act."
How can I register my marriage under the Special Marriage Act? (variant 33),"File a 30-day notice with the Marriage Registrar along with identity documents. If no objections arise, the marriage is registered."
What rights do consumers have under the Consumer Protection Act? (variant 33),"Rights to safety, information, choice, redressal, consumer education, and protection against unfair trade practices."
How can I apply for a copy of my property sale deed? (variant 33),Visit the Sub-Registrar Office where the property is registered and submit an application with necessary details and fees.
What is anticipatory bail and how do I apply for it? (variant 33),Anticipatory bail protects you from arrest for an anticipated offense. Apply in court before arrest.
How do I make a valid will in India? (variant 33),"A will must be in writing, signed by the testator and witnessed by at least two people."
What constitutes a valid contract? (variant 33),"Offer, acceptance, lawful consideration, free consent, capacity, and lawful object."
What legal protections exist against domestic violence? (variant 33),"The Protection of Women from Domestic Violence Act offers protection orders, residence rights, and maintenance."
How do I file a cybercrime complaint? (variant 33),File online at the National Cyber Crime Reporting Portal or at a cybercrime police station.
What is a First Information Report (FIR) and how do I file one in India? (variant 34),An FIR is the first step to reporting a cognizable offense. You file it at the nearest police station by giving a written or verbal complaint.
What are the grounds for divorce under the Hindu Marriage Act? (variant 34),"Grounds include cruelty, adultery, desertion for two years, conversion to another religion, and more as specified in the Act."
How can I register my marriage under the Special Marriage Act? (variant 34),"File a 30-day notice with the Marriage Registrar along with identity documents. If no objections arise, the marriage is registered."
What rights do consumers have under the Consumer Protection Act? (variant 34),"Rights to safety, information, choice, redressal, consumer education, and protection against unfair trade practices."
How can I apply for a copy of my property sale deed? (variant 34),Visit the Sub-Registrar Office where the property is registered and submit an application with necessary details and fees.
What is anticipatory bail and how do I apply for it? (variant 34),Anticipatory bail protects you from arrest for an anticipated offense. Apply in court before arrest.
How do I make a valid will in India? (variant 34),"A will must be in writing, signed by the testator and witnessed by at least two people."
What constitutes a valid contract? (variant 34),"Offer, acceptance, lawful consideration, free consent, capacity, and lawful object."
What legal protections exist against domestic violence? (variant 34),"The Protection of Women from Domestic Violence Act offers protection orders, residence rights, and maintenance."
How do I file a cybercrime complaint? (variant 34),File online at the National Cyber Crime Reporting Portal or at a cybercrime police station.
What is a First Information Report (FIR) and how do I file one in India? (variant 35),An FIR is the first step to reporting a cognizable offense. You file it at the nearest police station by giving a written or verbal complaint.
What are the grounds for divorce under the Hindu Marriage Act? (variant 35),"Grounds include cruelty, adultery, desertion for two years, conversion to another religion, and more as specified in the Act."
How can I register my marriage under the Special Marriage Act? (variant 35),"File a 30-day notice with the Marriage Registrar along with identity documents. If no objections arise, the marriage is registered."
What rights do consumers have under the Consumer Protection Act? (variant 35),"Rights to safety, information, choice, redressal, consumer education, and protection against unfair trade practices."
How can I apply for a copy of my property sale deed? (variant 35),Visit the Sub-Registrar Office where the property is registered and submit an application with necessary details and fees.
What is anticipatory bail and how do I apply for it? (variant 35),Anticipatory bail protects you from arrest for an anticipated offense. Apply in court before arrest.
How do I make a valid will in India? (variant 35),"A will must be in writing, signed by the testator and witnessed by at least two people."
What constitutes a valid contract? (variant 35),"Offer, acceptance, lawful consideration, free consent, capacity, and lawful object."
What legal protections exist against domestic violence? (variant 35),"The Protection of Women from Domestic Violence Act offers protection orders, residence rights, and maintenance."
How do I file a cybercrime complaint? (variant 35),File online at the National Cyber Crime Reporting Portal or at a cybercrime police station.
What is a First Information Report (FIR) and how do I file one in India? (variant 36),An FIR is the first step to reporting a cognizable offense. You file it at the nearest police station by giving a written or verbal complaint.
What are the grounds for divorce under the Hindu Marriage Act? (variant 36),"Grounds include cruelty, adultery, desertion for two years, conversion to another religion, and more as specified in the Act."
How can I register my marriage under the Special Marriage Act? (variant 36),"File a 30-day notice with the Marriage Registrar along with identity documents. If no objections arise, the marriage is registered."
What rights do consumers have under the Consumer Protection Act? (variant 36),"Rights to safety, information, choice, redressal, consumer education, and protection against unfair trade practices."
How can I apply for a copy of my property sale deed? (variant 36),Visit the Sub-Registrar Office where the property is registered and submit an application with necessary details and fees.
What is anticipatory bail and how do I apply for it? (variant 36),Anticipatory bail protects you from arrest for an anticipated offense. Apply in court before arrest.
How do I make a valid will in India? (variant 36),"A will must be in writing, signed by the testator and witnessed by at least two people."
What constitutes a valid contract? (variant 36),"Offer, acceptance, lawful consideration, free consent, capacity, and lawful object."
What legal protections exist against domestic violence? (variant 36),"The Protection of Women from Domestic Violence Act offers protection orders, residence rights, and maintenance."
How do I file a cybercrime complaint? (variant 36),File online at the National Cyber Crime Reporting Portal or at a cybercrime police station.
What is a First Information Report (FIR) and how do I file one in India? (variant 37),An FIR is the first step to reporting a cognizable offense. You file it at the nearest police station by giving a written or verbal complaint.
What are the grounds for divorce under the Hindu Marriage Act? (variant 37),"Grounds include cruelty, adultery, desertion for two years, conversion to another religion, and more as specified in the Act."
How can I register my marriage under the Special Marriage Act? (variant 37),"File a 30-day notice with the Marriage Registrar along with identity documents. If no objections arise, the marriage is registered."
What rights do consumers have under the Consumer Protection Act? (variant 37),"Rights to safety, information, choice, redressal, consumer education, and protection against unfair trade practices."
How can I apply for a copy of my property sale deed? (variant 37),Visit the Sub-Registrar Office where the property is registered and submit an application with necessary details and fees.
What is anticipatory bail and how do I apply for it? (variant 37),Anticipatory bail protects you from arrest for an anticipated offense. Apply in court before arrest.
How do I make a valid will in India? (variant 37),"A will must be in writing, signed by the testator and witnessed by at least two people."
What constitutes a valid contract? (variant 37),"Offer, acceptance, lawful consideration, free consent, capacity, and lawful object."
What legal protections exist against domestic violence? (variant 37),"The Protection of Women from Domestic Violence Act offers protection orders, residence rights, and maintenance."
How do I file a cybercrime complaint? (variant 37),File online at the National Cyber Crime Reporting Portal or at a cybercrime police station.
What is a First Information Report (FIR) and how do I file one in India? (variant 38),An FIR is the first step to reporting a cognizable offense. You file it at the nearest police station by giving a written or verbal complaint.
What are the grounds for divorce under the Hindu Marriage Act? (variant 38),"Grounds include cruelty, adultery, desertion for two years, conversion to another religion, and more as specified in the Act."
How can I register my marriage under the Special Marriage Act? (variant 38),"File a 30-day notice with the Marriage Registrar along with identity documents. If no objections arise, the marriage is registered."
What rights do consumers have under the Consumer Protection Act? (variant 38),"Rights to safety, information, choice, redressal, consumer education, and protection against unfair trade practices."
How can I apply for a copy of my property sale deed? (variant 38),Visit the Sub-Registrar Office where the property is registered and submit an application with necessary details and fees.
What is anticipatory bail and how do I apply for it? (variant 38),Anticipatory bail protects you from arrest for an anticipated offense. Apply in court before arrest.
How do I make a valid will in India? (variant 38),"A will must be in writing, signed by the testator and witnessed by at least two people."
What constitutes a valid contract? (variant 38),"Offer, acceptance, lawful consideration, free consent, capacity, and lawful object."
What legal protections exist against domestic violence? (variant 38),"The Protection of Women from Domestic Violence Act offers protection orders, residence rights, and maintenance."
How do I file a cybercrime complaint? (variant 38),File online at the National Cyber Crime Reporting Portal or at a cybercrime police station.
What is a First Information Report (FIR) and how do I file one in India? (variant 39),An FIR is the first step to reporting a cognizable offense. You file it at the nearest police station by giving a written or verbal complaint.
What are the grounds for divorce under the Hindu Marriage Act? (variant 39),"Grounds include cruelty, adultery, desertion for two years, conversion to another religion, and more as specified in the Act."
How can I register my marriage under the Special Marriage Act? (variant 39),"File a 30-day notice with the Marriage Registrar along with identity documents. If no objections arise, the marriage is registered."
What rights do consumers have under the Consumer Protection Act? (variant 39),"Rights to safety, information, choice, redressal, consumer education, and protection against unfair trade practices."
How can I apply for a copy of my property sale deed? (variant 39),Visit the Sub-Registrar Office where the property is registered and submit an application with necessary details and fees.
What is anticipatory bail and how do I apply for it? (variant 39),Anticipatory bail protects you from arrest for an anticipated offense. Apply in court before arrest.
How do I make a valid will in India? (variant 39),"A will must be in writing, signed by the testator and witnessed by at least two people."
What constitutes a valid contract? (variant 39),"Offer, acceptance, lawful consideration, free consent, capacity, and lawful object."
What legal protections exist against domestic violence? (variant 39),"The Protection of Women from Domestic Violence Act offers protection orders, residence rights, and maintenance."
How do I file a cybercrime complaint? (variant 39),File online at the National Cyber Crime Reporting Portal or at a cybercrime police station.
What is a First Information Report (FIR) and how do I file one in India? (variant 40),An FIR is the first step to reporting a cognizable offense. You file it at the nearest police station by giving a written or verbal complaint.
What are the grounds for divorce under the Hindu Marriage Act? (variant 40),"Grounds include cruelty, adultery, desertion for two years, conversion to another religion, and more as specified in the Act."
How can I register my marriage under the Special Marriage Act? (variant 40),"File a 30-day notice with the Marriage Registrar along with identity documents. If no objections arise, the marriage is registered."
What rights do consumers have under the Consumer Protection Act? (variant 40),"Rights to safety, information, choice, redressal, consumer education, and protection against unfair trade practices."
How can I apply for a copy of my property sale deed? (variant 40),Visit the Sub-Registrar Office where the property is registered and submit an application with necessary details and fees.
What is anticipatory bail and how do I apply for it? (variant 40),Anticipatory bail protects you from arrest for an anticipated offense. Apply in court before arrest.
How do I make a valid will in India? (variant 40),"A will must be in writing, signed by the testator and witnessed by at least two people."
What constitutes a valid contract? (variant 40),"Offer, acceptance, lawful consideration, free consent, capacity, and lawful object."
What legal protections exist against domestic violence? (variant 40),"The Protection of Women from Domestic Violence Act offers protection orders, residence rights, and maintenance."
How do I file a cybercrime complaint? (variant 40),File online at the National Cyber Crime Reporting Portal or at a cybercrime police station.
What is a First Information Report (FIR) and how do I file one in India? (variant 41),An FIR is the first step to reporting a cognizable offense. You file it at the nearest police station by giving a written or verbal complaint.
What are the grounds for divorce under the Hindu Marriage Act? (variant 41),"Grounds include cruelty, adultery, desertion for two years, conversion to another religion, and more as specified in the Act."
How can I register my marriage under the Special Marriage Act? (variant 41),"File a 30-day notice with the Marriage Registrar along with identity documents. If no objections arise, the marriage is registered."
What rights do consumers have under the Consumer Protection Act? (variant 41),"Rights to safety, information, choice, redressal, consumer education, and protection against unfair trade practices."
How can I apply for a copy of my property sale deed? (variant 41),Visit the Sub-Registrar Office where the property is registered and submit an application with necessary details and fees.
What is anticipatory bail and how do I apply for it? (variant 41),Anticipatory bail protects you from arrest for an anticipated offense. Apply in court before arrest.
How do I make a valid will in India? (variant 41),"A will must be in writing, signed by the testator and witnessed by at least two people."
What constitutes a valid contract? (variant 41),"Offer, acceptance, lawful consideration, free consent, capacity, and lawful object."
What legal protections exist against domestic violence? (variant 41),"The Protection of Women from Domestic Violence Act offers protection orders, residence rights, and maintenance."
How do I file a cybercrime complaint? (variant 41),File online at the National Cyber Crime Reporting Portal or at a cybercrime police station.
What is a First Information Report (FIR) and how do I file one in India? (variant 42),An FIR is the first step to reporting a cognizable offense. You file it at the nearest police station by giving a written or verbal complaint.
What are the grounds for divorce under the Hindu Marriage Act? (variant 42),"Grounds include cruelty, adultery, desertion for two years, conversion to another religion, and more as specified in the Act."
How can I register my marriage under the Special Marriage Act? (variant 42),"File a 30-day notice with the Marriage Registrar along with identity documents. If no objections arise, the marriage is registered."
What rights do consumers have under the Consumer Protection Act? (variant 42),"Rights to safety, information, choice, redressal, consumer education, and protection against unfair trade practices."
How can I apply for a copy of my property sale deed? (variant 42),Visit the Sub-Registrar Office where the property is registered and submit an application with necessary details and fees.
What is anticipatory bail and how do I apply for it? (variant 42),Anticipatory bail protects you from arrest for an anticipated offense. Apply in court before arrest.
How do I make a valid will in India? (variant 42),"A will must be in writing, signed by the testator and witnessed by at least two people."
What constitutes a valid contract? (variant 42),"Offer, acceptance, lawful consideration, free consent, capacity, and lawful object."
What legal protections exist against domestic violence? (variant 42),"The Protection of Women from Domestic Violence Act offers protection orders, residence rights, and maintenance."
How do I file a cybercrime complaint? (variant 42),File online at the National Cyber Crime Reporting Portal or at a cybercrime police station.
What is a First Information Report (FIR) and how do I file one in India? (variant 43),An FIR is the first step to reporting a cognizable offense. You file it at the nearest police station by giving a written or verbal complaint.
What are the grounds for divorce under the Hindu Marriage Act? (variant 43),"Grounds include cruelty, adultery, desertion for two years, conversion to another religion, and more as specified in the Act."
How can I register my marriage under the Special Marriage Act? (variant 43),"File a 30-day notice with the Marriage Registrar along with identity documents. If no objections arise, the marriage is registered."
What rights do consumers have under the Consumer Protection Act? (variant 43),"Rights to safety, information, choice, redressal, consumer education, and protection against unfair trade practices."
How can I apply for a copy of my property sale deed? (variant 43),Visit the Sub-Registrar Office where the property is registered and submit an application with necessary details and fees.
What is anticipatory bail and how do I apply for it? (variant 43),Anticipatory bail protects you from arrest for an anticipated offense. Apply in court before arrest.
How do I make a valid will in India? (variant 43),"A will must be in writing, signed by the testator and witnessed by at least two people."
What constitutes a valid contract? (variant 43),"Offer, acceptance, lawful consideration, free consent, capacity, and lawful object."
What legal protections exist against domestic violence? (variant 43),"The Protection of Women from Domestic Violence Act offers protection orders, residence rights, and maintenance."
How do I file a cybercrime complaint? (variant 43),File online at the National Cyber Crime Reporting Portal or at a cybercrime police station.
What is a First Information Report (FIR) and how do I file one in India? (variant 44),An FIR is the first step to reporting a cognizable offense. You file it at the nearest police station by giving a written or verbal complaint.
What are the grounds for divorce under the Hindu Marriage Act? (variant 44),"Grounds include cruelty, adultery, desertion for two years, conversion to another religion, and more as specified in the Act."
How can I register my marriage under the Special Marriage Act? (variant 44),"File a 30-day notice with the Marriage Registrar along with identity documents. If no objections arise, the marriage is registered."
What rights do consumers have under the Consumer Protection Act? (variant 44),"Rights to safety, information, choice, redressal, consumer education, and protection against unfair trade practices."
How can I apply for a copy of my property sale deed? (variant 44),Visit the Sub-Registrar Office where the property is registered and submit an application with necessary details and fees.
What is anticipatory bail and how do I apply for it? (variant 44),Anticipatory bail protects you from arrest for an anticipated offense. Apply in court before arrest.
How do I make a valid will in India? (variant 44),"A will must be in writing, signed by the testator and witnessed by at least two people."
What constitutes a valid contract? (variant 44),"Offer, acceptance, lawful consideration, free consent, capacity, and lawful object."
What legal protections exist against domestic violence? (variant 44),"The Protection of Women from Domestic Violence Act offers protection orders, residence rights, and maintenance."
How do I file a cybercrime complaint? (variant 44),File online at the National Cyber Crime Reporting Portal or at a cybercrime police station.
What is a First Information Report (FIR) and how do I file one in India? (variant 45),An FIR is the first step to reporting a cognizable offense. You file it at the nearest police station by giving a written or verbal complaint.
What are the grounds for divorce under the Hindu Marriage Act? (variant 45),"Grounds include cruelty, adultery, desertion for two years, conversion to another religion, and more as specified in the Act."
How can I register my marriage under the Special Marriage Act? (variant 45),"File a 30-day notice with the Marriage Registrar along with identity documents. If no objections arise, the marriage is registered."
What rights do consumers have under the Consumer Protection Act? (variant 45),"Rights to safety, information, choice, redressal, consumer education, and protection against unfair trade practices."
How can I apply for a copy of my property sale deed? (variant 45),Visit the Sub-Registrar Office where the property is registered and submit an application with necessary details and fees.
What is anticipatory bail and how do I apply for it? (variant 45),Anticipatory bail protects you from arrest for an anticipated offense. Apply in court before arrest.
How do I make a valid will in India? (variant 45),"A will must be in writing, signed by the testator and witnessed by at least two people."
What constitutes a valid contract? (variant 45),"Offer, acceptance, lawful consideration, free consent, capacity, and lawful object."
What legal protections exist against domestic violence? (variant 45),"The Protection of Women from Domestic Violence Act offers protection orders, residence rights, and maintenance."
How do I file a cybercrime complaint? (variant 45),File online at the National Cyber Crime Reporting Portal or at a cybercrime police station.
What is a First Information Report (FIR) and how do I file one in India? (variant 46),An FIR is the first step to reporting a cognizable offense. You file it at the nearest police station by giving a written or verbal complaint.
What are the grounds for divorce under the Hindu Marriage Act? (variant 46),"Grounds include cruelty, adultery, desertion for two years, conversion to another religion, and more as specified in the Act."
How can I register my marriage under the Special Marriage Act? (variant 46),"File a 30-day notice with the Marriage Registrar along with identity documents. If no objections arise, the marriage is registered."
What rights do consumers have under the Consumer Protection Act? (variant 46),"Rights to safety, information, choice, redressal, consumer education, and protection against unfair trade practices."
How can I apply for a copy of my property sale deed? (variant 46),Visit the Sub-Registrar Office where the property is registered and submit an application with necessary details and fees.
What is anticipatory bail and how do I apply for it? (variant 46),Anticipatory bail protects you from arrest for an anticipated offense. Apply in court before arrest.
How do I make a valid will in India? (variant 46),"A will must be in writing, signed by the testator and witnessed by at least two people."
What constitutes a valid contract? (variant 46),"Offer, acceptance, lawful consideration, free consent, capacity, and lawful object."
What legal protections exist against domestic violence? (variant 46),"The Protection of Women from Domestic Violence Act offers protection orders, residence rights, and maintenance."
How do I file a cybercrime complaint? (variant 46),File online at the National Cyber Crime Reporting Portal or at a cybercrime police station.
What is a First Information Report (FIR) and how do I file one in India? (variant 47),An FIR is the first step to reporting a cognizable offense. You file it at the nearest police station by giving a written or verbal complaint.
What are the grounds for divorce under the Hindu Marriage Act? (variant 47),"Grounds include cruelty, adultery, desertion for two years, conversion to another religion, and more as specified in the Act."
How can I register my marriage under the Special Marriage Act? (variant 47),"File a 30-day notice with the Marriage Registrar along with identity documents. If no objections arise, the marriage is registered."
What rights do consumers have under the Consumer Protection Act? (variant 47),"Rights to safety, information, choice, redressal, consumer education, and protection against unfair trade practices."
How can I apply for a copy of my property sale deed? (variant 47),Visit the Sub-Registrar Office where the property is registered and submit an application with necessary details and fees.
What is anticipatory bail and how do I apply for it? (variant 47),Anticipatory bail protects you from arrest for an anticipated offense. Apply in court before arrest.
How do I make a valid will in India? (variant 47),"A will must be in writing, signed by the testator and witnessed by at least two people."
What constitutes a valid contract? (variant 47),"Offer, acceptance, lawful consideration, free consent, capacity, and lawful object."
What legal protections exist against domestic violence? (variant 47),"The Protection of Women from Domestic Violence Act offers protection orders, residence rights, and maintenance."
How do I file a cybercrime complaint? (variant 47),File online at the National Cyber Crime Reporting Portal or at a cybercrime police station.
What is a First Information Report (FIR) and how do I file one in India? (variant 48),An FIR is the first step to reporting a cognizable offense. You file it at the nearest police station by giving a written or verbal complaint.
What are the grounds for divorce under the Hindu Marriage Act? (variant 48),"Grounds include cruelty, adultery, desertion for two years, conversion to another religion, and more as specified in the Act."
How can I register my marriage under the Special Marriage Act? (variant 48),"File a 30-day notice with the Marriage Registrar along with identity documents. If no objections arise, the marriage is registered."
What rights do consumers have under the Consumer Protection Act? (variant 48),"Rights to safety, information, choice, redressal, consumer education, and protection against unfair trade practices."
How can I apply for a copy of my property sale deed? (variant 48),Visit the Sub-Registrar Office where the property is registered and submit an application with necessary details and fees.
What is anticipatory bail and how do I apply for it? (variant 48),Anticipatory bail protects you from arrest for an anticipated offense. Apply in court before arrest.
How do I make a valid will in India? (variant 48),"A will must be in writing, signed by the testator and witnessed by at least two people."
What constitutes a valid contract? (variant 48),"Offer, acceptance, lawful consideration, free consent, capacity, and lawful object."
What legal protections exist against domestic violence? (variant 48),"The Protection of Women from Domestic Violence Act offers protection orders, residence rights, and maintenance."
How do I file a cybercrime complaint? (variant 48),File online at the National Cyber Crime Reporting Portal or at a cybercrime police station.
What is a First Information Report (FIR) and how do I file one in India? (variant 49),An FIR is the first step to reporting a cognizable offense. You file it at the nearest police station by giving a written or verbal complaint.
What are the grounds for divorce under the Hindu Marriage Act? (variant 49),"Grounds include cruelty, adultery, desertion for two years, conversion to another religion, and more as specified in the Act."
How can I register my marriage under the Special Marriage Act? (variant 49),"File a 30-day notice with the Marriage Registrar along with identity documents. If no objections arise, the marriage is registered."
What rights do consumers have under the Consumer Protection Act? (variant 49),"Rights to safety, information, choice, redressal, consumer education, and protection against unfair trade practices."
How can I apply for a copy of my property sale deed? (variant 49),Visit the Sub-Registrar Office where the property is registered and submit an application with necessary details and fees.
What is anticipatory bail and how do I apply for it? (variant 49),Anticipatory bail protects you from arrest for an anticipated offense. Apply in court before arrest.
How do I make a valid will in India? (variant 49),"A will must be in writing, signed by the testator and witnessed by at least two people."
What constitutes a valid contract? (variant 49),"Offer, acceptance, lawful consideration, free consent, capacity, and lawful object."
What legal protections exist against domestic violence? (variant 49),"The Protection of Women from Domestic Violence Act offers protection orders, residence rights, and maintenance."
How do I file a cybercrime complaint? (variant 49),File online at the National Cyber Crime Reporting Portal or at a cybercrime police station.
What is a First Information Report (FIR) and how do I file one in India? (variant 50),An FIR is the first step to reporting a cognizable offense. You file it at the nearest police station by giving a written or verbal complaint.
What are the grounds for divorce under the Hindu Marriage Act? (variant 50),"Grounds include cruelty, adultery, desertion for two years, conversion to another religion, and more as specified in the Act."
How can I register my marriage under the Special Marriage Act? (variant 50),"File a 30-day notice with the Marriage Registrar along with identity documents. If no objections arise, the marriage is registered."
What rights do consumers have under the Consumer Protection Act? (variant 50),"Rights to safety, information, choice, redressal, consumer education, and protection against unfair trade practices."
How can I apply for a copy of my property sale deed? (variant 50),Visit the Sub-Registrar Office where the property is registered and submit an application with necessary details and fees.
What is anticipatory bail and how do I apply for it? (variant 50),Anticipatory bail protects you from arrest for an anticipated offense. Apply in court before arrest.
How do I make a valid will in India? (variant 50),"A will must be in writing, signed by the testator and witnessed by at least two people."
What constitutes a valid contract? (variant 50),"Offer, acceptance, lawful consideration, free consent, capacity, and lawful object."
What legal protections exist against domestic violence? (variant 50),"The Protection of Women from Domestic Violence Act offers protection orders, residence rights, and maintenance."
How do I file a cybercrime complaint? (variant 50),File online at the National Cyber Crime Reporting Portal or at a cybercrime police station.
